8b S_is: [225.77330403  78.2820355   30.10063831  38.9806973   34.65046495
  22.17446924  14.83324517   8.22409603]
4b S_is: [12.44419786  4.31475786  1.6590903   2.14854237  1.90986815  1.22221484
  0.81758044  0.45329663]
2b S_is: [1.77774255 0.61639398 0.2370129  0.30693462 0.27283831 0.17460212
 0.11679721 0.06475666]
8b Z_is: [-98.77330566  -2.59492527  -1.56697189  -1.29760205  -2.29752769
  -2.85158814  -2.35767725  -4.66986653]
4b Z_is: [-5.44419795 -0.14302738 -0.08636853 -0.07152137 -0.12663538 -0.15717415
 -0.12995071 -0.25739422]
2b Z_is: [-0.77774256 -0.02043248 -0.01233836 -0.01021734 -0.01809077 -0.02245345
 -0.01856439 -0.0367706 ]
8b S_ws: [419.30887 260.8992  183.42577 234.51324 236.64046 248.70012 227.76791
  95.91284]
4b S_ws: [23.111511  14.380271  10.110082  12.925927  13.043175  13.707881
 12.554137   5.2865343]
2b S_ws: [3.3016446 2.0543244 1.4442974 1.846561  1.8633107 1.9582686 1.7934481
 0.7552192]
8b S_bs: [94668.7486296  20423.72047072  5521.23263884  9141.48980172
  8199.70186634  5514.79313916  3378.53730753   788.79642145]
4b S_bs: [287.6042186   62.04738714  16.77353844  27.77190218  24.91074402
  16.75397555  10.26401704   2.39636819]
2b S_bs: [5.86947403 1.26627319 0.34231712 0.56677349 0.50838254 0.34191786
 0.20946973 0.04890547]
8b Zp macced: [[7300.2754, 1957.5552, 15483.04, -3606.9072, 31124.648, 75378.17, 19610.979, 126722.984, 2772.337, 25395.275, -1298.1453, 3410.0942, 11974.3125, -2975.5635, -362.22144, 5063.7095, 26119.984, 1847.8853, 145628.9, -4056.4277, 68170.57, 42403.13, 1537.0923, 41489.28, 78527.69, -2106.721, 1828.9109, 83292.336, 6495.657, 41668.254, -3361.15, -19029.016], [7035.0605, 12748.4375, -2361.1155, 5903.0635, 9507.027, 5950.168, 8071.4883, 5395.3745, 18257.586, 16682.246, 11850.449, 16267.849, 6725.334, 10924.819, 9613.25, 2516.5747, 5099.244, -1324.4266, 13877.774, 12684.765, 7893.5654, 6341.463, 8999.39, 15590.291, 6396.232, 6244.1396, 27985.297, 4898.338, 11102.316, 2819.3872, 9500.505, 6638.711], [1728.3483, 1356.8931, 940.688, 1371.0693, 2145.378, 1446.316, 1214.0447, 996.6493, 307.95914, 1346.661, 725.4801, 411.02588, 1143.876, 1053.657, 351.71872, 706.29675, 1002.8801, 1890.7605, 642.2158, 1396.981, 1617.2888, 1639.5044, -140.75041, 711.90356, 1852.918, 1027.8545, 1337.3611, 1774.7576, 323.36493, 1836.7977, 927.7461, 1633.3665, 1562.8972, 676.66016, 1703.1195, 1148.7119, 1079.3545, 315.27667, 1542.0688, 302.58102, 1597.1292, 666.57385, -39.09488, 1367.8627, -281.02124, -38.587173, 1403.35, 1724.4424, 1377.1692, 1682.6444, 2487.4172, 548.7478, 1406.936, 675.1401, 1162.6808, 420.19736, 2006.9366, 326.01398, 1835.1022, -393.4368, 665.9496, 1652.7339, 1257.915, 475.53033], [2931.0903, 1563.949, 1930.3596, 1908.2026, 6797.1104, 3332.0806, 1519.4537, 4424.8594, 532.7073, 2268.715, 5889.4023, 2033.0929, 3884.9639, 2553.5356, 5526.488, 3004.5583, -470.91882, 5530.6055, 3034.094, 3067.477, 3114.1045, 3840.2825, -435.34958, 1028.9259, 3019.4414, 4348.829, 5512.458, 3198.0728, 2713.6794, 4693.6475, 5485.543, 3163.623, 4717.8267, 4185.9326, 3900.229, 598.1817, 3358.5823, -1195.3873, 4334.3047, 2270.1406, 870.3318, 4280.3735, 2424.2546, 2914.734, 6069.851, 1830.8853, 16.96753, 5524.1816, 3825.815, 814.287, 5190.325, 633.7472, 3309.072, 221.09718, 554.5078, 4475.2285, 1883.4258, 5985.8164, 2876.5244, 3479.474, 2343.729, 2332.0605, 3353.915, 784.1152], [596.62506, -463.3949, 281.69824, -2514.7122, 298.43604, 1738.9998, -1018.053, 5605.745, -169.17996, 1588.9578, 3009.0627, 6990.9424, 7159.62, 5218.8706, 8452.59, 4046.6428, 8793.603, 2957.376, 1953.4775, 4722.119, 4609.5615, 4302.9165, -454.8463, -2007.9888, 717.698, 1452.3625, 7880.327, 1626.6842, 1060.0348, 5615.171, 2760.6958, 4327.922, 4501.168, 5523.3086, 5494.7646, 3072.368, 4776.0073, 9125.401, 655.1952, -226.7547, 4175.87, 1333.3745, 14.793701, -838.2915, 3132.7368, 7374.091, 4062.5515, 4283.897, 3197.668, 974.6044, 1570.7113, -1135.626, 5860.7573, 2649.582, -30.386627, 600.31024, 6789.616, 3895.9587, 1512.3121, -135.97614, 1153.6703, 2942.9126, 1812.9631, 331.13657], [3116.3667, 5528.339, 4909.128, 390.71777, 5848.8813, 4004.3926, 6484.148, 2792.7607, 4995.182, 5089.673, 6086.6523, 6280.556, 5764.8306, 7500.9834, 7491.713, 4304.9854, 7478.7695, 2357.2485, 4022.1895, 3930.2358, -776.9729, 3734.4258, 827.69653, 4318.064, 5027.6597, 8903.019, 3733.578, 7425.835, 4879.9297, 7178.3105, 3240.3218, 7840.563, 3555.297, 2649.6785, 5196.375, 4618.5293, 4744.825, 4343.759, 7981.7476, 4366.657, 4083.1135, 5072.8667, 6344.899, 6625.1626, 5000.499, 3106.0376, 11650.965, 3321.9312, 4450.7607, 5778.658, 2175.5583, 2990.5078, 6064.9336, 3894.233, 3731.9934, 5851.9224, 4839.331, 4032.1333, 5434.8623, 4902.705, 4175.9844, 5944.2, 4846.1865, 5033.943, 6994.721, 6716.379, 2873.5886, 5498.1777, 4555.378, 3532.6677, 5817.011, 3637.1245, 4208.012, 355.1709, 8920.728, 4905.515, 7131.4443, 6765.3423, 6572.6377, 5288.7583, 5864.185, 6189.5674, 11083.388, 3097.37, 2469.3276, 2899.4346, 1671.4944, 5991.3955, 3784.0176, 5521.0967, 6122.2246, 13386.31, 7336.122, 1512.293, 1277.6328, 4108.5317, 4726.5205, 10250.307, 6405.8228, 9085.771, 4209.5576, 5089.3486, 2147.055, 3263.5867, 7922.654, 4114.681, 5512.5303, 6652.0586, 1990.1107, 6744.1514, 8832.472, 2368.9976, 3594.384, 4735.9307, 5842.493, 7792.369, 5382.0615, 3926.6982, 11340.793, 3340.8499, 2508.5493, 3608.4194, 2813.2827, 4577.797, 5587.9453, 15823.459, 3188.6685, 4297.274], [-3856.683, -1349.8071, 14790.767, 6184.342, 820.9346, 1739.9677, 14090.826, 83.852295, 7125.3066, 28225.133, 10311.109, -183.24387, 9509.757, -913.86475, 7626.823, 4850.9346, 1284.6566, 9880.399, 22229.723, 11992.016, 11376.213, 12936.297, 15365.81, -1201.085, 10049.043, 7392.049, 19195.102, 19396.693, 12215.582, -951.99426, 9680.476, 13031.686, 9158.752, -2641.7358, 15056.271, 22889.27, 1404.2046, 11150.372, 7949.436, 11185.837, 17380.488, -817.52637, -3773.182, 1918.0092, 15584.351, -1734.0717, 6431.785, 18707.877, -1663.8171, 16440.988, -2111.4282, 10167.947, -2804.2412, 5547.709, 11672.0, 526.4812, -7565.7153, 2138.9275, 10361.129, -1583.6793, 1725.541, 6157.41, 3422.4802, 2681.52, -3059.9233, 3851.745, 9908.496, 9612.909, 151.20978, -1699.5675, 9790.598, -1829.093, 8157.1323, 1659.8818, 11733.918, 13339.802, 10098.656, 20424.648, 8428.528, 4646.3916, 8944.022, 2151.365, 8563.383, 18554.406, 11909.38, 9709.578, 8371.201, 14640.361, 19627.562, 297.9854, 19632.646, 1253.0806, 6735.4424, 157.07855, 10184.93, 9645.462, 262.01566, 9327.373, 806.0557, -3001.3564, 12045.9375, 7339.5703, -716.2738, 3709.7012, -4714.551, 10029.092, 9054.89, 18576.484, -2158.2944, -5195.956, 18409.012, 2597.0132, -273.81342, -1151.7229, 15094.984, 16147.411, 2620.1401, 16172.555, 12600.955, 19371.152, 5208.488, 9580.09, 1531.5159, 8321.846, 9867.76, 12056.242, 12004.367, 2817.5454, 5825.67, 5952.4365, 3383.6016, 17292.336, 1084.7649, 12514.243, 13174.15, 1585.7205, -2154.126, 11587.64, 271.56836, 19163.809, 5009.3125, 2456.9333, -1371.738, 2439.7588, 7623.221, 8971.975, 6807.972, 14670.062, 10711.988, 9373.419, 15300.602, -550.62994, -4334.711, 1293.9254, 19744.426, -555.2023, -2295.4731, 14103.006, 5902.4893, 19624.453, 7067.2847, 10667.852, 5470.1377, 3949.174, 5235.199, 3136.665, 4333.3486, 1510.7744, 1507.7893, -1360.3372, 18056.445, 2512.9863, 12573.174, 12062.329, 7545.452, 12417.016, 3269.3242, 2063.1367, 18436.508, -3342.4768, -3723.9238, 10663.665, -3159.917, 6657.189, 2184.7952, -2819.63, 8384.639, 2900.9885, 2633.0828, 18087.707, 9830.147, 7395.2925, -2223.774, 2737.547, 6873.8975, 7070.1904, 12395.041, 8476.73, 8661.561, 8194.279, 22392.336, -5987.2188, -6297.497, 7936.0186, 7213.589, 11509.271, 15174.086, 19147.717, 11897.4, 5490.6514, 286.8106, 10538.386, 5728.2847, 14788.894, 6598.714, 23106.572, 20549.488, 5036.96, -5770.645, 5392.0547, 2903.0093, 1620.2509, -3560.1743, -5461.258, 1253.2466, 6761.4424, 14864.328, 1892.3737, 17749.656, 15479.691, 7794.539, 7164.838, -1820.2201, 2277.4556, 9166.331, 18013.992, 14887.434, 8648.642, 9100.156, 19696.566, 4077.6057, -21.389893, -484.8777, 7417.4473, 9017.928, 10256.328, 562.7085, 14952.781, 7783.962, 1126.3047, 4482.0635, 1448.6622, 29924.453, 8941.583, -4455.057, 7627.3384], [3188.3984, 3539.042, 2986.603, 3496.6965, 3121.837, 3223.1213, 3501.0337, 2238.4612, 2644.7046, 2937.7285, 2947.2236, 3969.239, 3113.9412, 5537.289, 3797.0137, 3102.782, 3428.0283, 4028.9355, 2510.1335, 2932.7148, 3172.0825, 3313.0457, 2862.6318, 4022.6758, 3162.218, 3178.229, 2665.5435, 3772.8406, 3305.4, 1496.7509, 2793.2695, 3061.5195, 3384.6748, 2931.0981, 2493.731, 4449.6514, 2999.0454, 3212.598, 3749.831, 3234.0508, 3334.0508, 3327.154, 4531.962, 3949.6746, 3262.7869, 2848.4324, 2232.2424, 3237.3835, 2191.4907, 2918.1086, 3216.0723, 2487.7305, 4502.2188, 3768.8003, 4041.1274, 3525.6226, 3166.4414, 3851.5647, 3068.7585, 2067.7263, 3687.6116, 2294.051, 2938.6646, 2516.4614, 4978.159, 2073.8572, 3498.334, 4627.2456, 4625.0547, 4693.3306, 3249.678, 3495.1577, 3878.248, 3505.7505, 3241.845, 3746.8416, 3565.3335, 3324.9106, 3873.2324, 3484.1392, 3574.3123, 3190.378, 3575.6152, 2624.0825, 2806.908, 4007.4722, 2097.065, 3852.0442, 3983.7202, 3303.0771, 4668.008, 3724.9941, 2704.2095, 2976.8975, 2364.8755, 2350.5754, 2927.9888, 2888.5288, 2161.8496, 3072.646, 2817.9248, 3693.0752, 4235.2793, 3852.475, 2357.1104, 3077.407, 4409.226, 3513.5217, 4784.384, 3426.7012, 3263.5054, 2877.6777, 2636.5566, 2447.6606, 3985.0544, 3578.3594, 3719.8281, 4526.7466, 2924.3464, 2750.2515, 2426.1426, 3774.645, 3791.3042, 3609.194, 2177.9844, 2573.7156, 1998.2429, 2645.6736, 3959.1455, 4256.413, 3626.102, 3947.5068, 3670.7207, 3866.0698, 2808.1348, 4042.2717, 3026.4968, 3984.0566, 4105.4614, 2712.9917, 2437.6895, 3914.657, 3286.6426, 4047.9219, 2389.9265, 4097.9526, 4064.882, 3933.5193, 3311.5825, 3731.6282, 3438.9648, 2972.8687, 5631.677, 3158.5918, 2925.998, 2893.3389, 3176.7275, 4332.195, 3661.12, 3053.9106, 3781.0005, 1963.2695, 2117.1082, 5129.885, 2505.6396, 2425.6042, 2369.3823, 3207.3901, 3476.261, 4393.5723, 3339.7244, 1315.7307, 3325.5227, 2954.5205, 3050.7358, 3737.939, 2981.789, 3512.6665, 1358.397, 2623.1968, 2452.9243, 3162.8774, 2746.0361, 3299.5317, 2531.2349, 3785.4128, 2766.9712, 2315.3606, 3800.2778, 2916.5198, 2470.558, 2189.5654, 3295.791, 4266.9443, 2969.8328, 2935.4568, 4534.726, 4027.5261, 2857.3833, 2609.6104]]
4b Zp macced: [[22.178276, 5.9470615, 47.03757, -10.957797, 94.55686, 228.99936, 59.57829, 384.9852, 8.422371, 77.151, -3.943779, 10.359876, 36.378025, -9.039772, -1.1004405, 15.383579, 79.35267, 5.613888, 442.42148, -12.323442, 207.1026, 128.82098, 4.669695, 126.044685, 238.5676, -6.400231, 5.556246, 253.04259, 19.733849, 126.5884, -10.211187, -57.810265], [21.372559, 38.72983, -7.1730843, 17.933542, 28.88241, 18.076649, 24.521233, 16.391182, 55.46666, 50.68077, 36.00174, 49.421825, 20.431608, 33.189674, 29.205114, 7.6453705, 15.491535, -4.023617, 42.160767, 38.536396, 23.980701, 19.265404, 27.3402, 47.363403, 19.431793, 18.969736, 85.019516, 14.881182, 33.728905, 8.565315, 28.862595, 20.168446], [5.2507324, 4.1222496, 2.857816, 4.1653166, 6.5176716, 4.393917, 3.688275, 3.0278268, 0.9355816, 4.0911646, 2.204013, 1.2486993, 3.4751024, 3.2010164, 1.0685236, 2.1457338, 3.046756, 5.7441416, 1.9510555, 4.244037, 4.913334, 4.9808245, -0.42760026, 2.1627674, 5.629176, 3.1226282, 4.0629115, 5.391724, 0.982385, 5.580203, 2.8184986, 4.9621773, 4.7480917, 2.0556977, 5.1740875, 3.4897943, 3.2790854, 0.9578123, 4.6848145, 0.9192429, 4.852088, 2.0250554, -0.11877036, 4.1555753, -0.8537445, -0.11722815, 4.263386, 5.238867, 4.1838484, 5.1118846, 7.5567894, 1.6670992, 4.2742805, 2.0510798, 3.532231, 1.2765623, 6.097086, 0.99043274, 5.575052, -1.1952635, 2.0231588, 5.0210156, 3.8215532, 1.4446642], [8.904671, 4.751286, 5.864444, 5.7971306, 20.649662, 10.122881, 4.61611, 13.442749, 1.6183679, 6.89237, 17.89204, 6.176548, 11.802544, 7.757657, 16.789503, 9.127867, -1.430654, 16.802011, 9.217596, 9.319014, 9.460669, 11.666801, -1.3225945, 3.1258824, 9.173082, 13.211768, 16.74688, 9.715765, 8.244174, 14.259329, 16.665112, 9.611106, 14.332785, 12.716888, 11.84892, 1.8172798, 10.203394, -3.6315942, 13.167645, 6.8967013, 2.644073, 13.003801, 7.3649006, 8.854979, 18.440245, 5.5622406, 0.051547527, 16.782497, 11.6228485, 2.4738088, 15.76824, 1.9253274, 10.05298, 0.6716944, 1.684598, 13.595771, 5.7218595, 18.184946, 8.738899, 10.570663, 7.120262, 7.084815, 10.189214, 2.3821466], [1.8125498, -1.4077959, 0.8558006, -7.6397104, 0.90665054, 5.28309, -3.0928512, 17.030287, -0.51396996, 4.827263, 9.14155, 21.238525, 21.750967, 15.8549595, 25.679016, 12.293723, 26.715014, 8.984526, 5.934675, 14.345825, 14.003874, 13.072287, -1.3818257, -6.1002817, 2.1803703, 4.4122853, 23.94048, 4.9418755, 3.220391, 17.058922, 8.387009, 13.148252, 13.674574, 16.779842, 16.693127, 9.333872, 14.509537, 27.723019, 1.9904864, -0.6888819, 12.686318, 4.0507994, 0.044943333, -2.5467336, 9.517273, 22.402529, 12.342054, 13.014504, 9.714533, 2.9608538, 4.7718296, -3.450038, 17.805014, 8.049444, -0.0923152, 1.8237462, 20.62689, 11.835945, 4.594413, -0.4130962, 3.5048566, 8.940586, 5.507792, 1.0059947], [9.467541, 16.795128, 14.913961, 1.1870027, 17.768938, 12.16537, 19.698881, 8.484424, 15.175394, 15.462459, 18.49129, 19.080368, 17.51359, 22.788034, 22.759869, 13.078572, 22.720547, 7.161336, 12.219437, 11.94008, -2.3604488, 11.345209, 2.5145464, 13.118305, 15.274063, 27.047424, 11.342634, 22.55973, 14.825256, 21.80775, 9.844116, 23.81968, 10.801015, 8.04974, 15.786619, 14.031121, 14.414808, 13.196367, 24.2486, 13.265932, 12.404524, 15.4114, 19.275843, 20.127285, 15.191547, 9.436161, 35.395706, 10.092048, 13.5214405, 17.5556, 6.6093597, 9.085181, 18.425306, 11.830704, 11.337819, 17.778175, 14.701917, 12.249645, 16.511145, 14.894447, 12.686665, 18.058516, 14.722744, 15.293149, 21.250008, 20.404402, 8.7299795, 16.703497, 13.839266, 10.732266, 17.672115, 11.049607, 12.783966, 1.079011, 27.101223, 14.902985, 21.66537, 20.553152, 19.967712, 16.067284, 17.81543, 18.803946, 33.6714, 9.409829, 7.501833, 8.808499, 5.0780096, 18.201897, 11.495869, 16.773127, 18.599356, 40.667686, 22.287186, 4.594356, 3.881456, 12.481746, 14.359199, 31.140495, 19.46093, 27.60263, 12.788662, 15.461473, 6.522766, 9.914797, 24.069073, 12.500427, 16.7471, 20.208996, 6.045968, 20.488773, 26.833101, 7.197028, 10.919762, 14.387787, 17.74953, 23.673267, 16.350735, 11.929333, 34.4534, 10.149522, 7.620989, 10.9624, 8.54677, 13.907375, 16.976212, 48.07177, 9.687195, 13.055143], [-11.716627, -4.1007247, 44.934444, 18.78807, 2.4940054, 5.286033, 42.808018, 0.25474358, 21.646727, 85.74813, 31.325214, -0.5566952, 28.890701, -2.7763247, 23.170338, 14.737169, 3.9027944, 30.016714, 67.53404, 36.431816, 34.561005, 39.30055, 46.681427, -3.6489038, 30.529053, 22.457092, 58.31484, 58.927277, 37.111015, -2.892167, 29.409344, 39.590343, 27.824345, -8.025611, 45.741047, 69.537735, 4.2659845, 33.8749, 24.15044, 33.982643, 52.802032, -2.4836493, -11.462952, 5.8269243, 47.345356, -5.2681217, 19.539803, 56.83465, -5.0546875, 49.94783, -6.4145346, 30.89029, -8.5193, 16.853973, 35.459606, 1.599453, -22.984688, 6.4980764, 31.477173, -4.811225, 5.2422028, 18.70625, 10.397516, 8.146475, -9.296066, 11.701625, 30.102074, 29.204077, 0.45937777, -5.163297, 29.743896, -5.5567966, 24.781418, 5.0427284, 35.64772, 40.5264, 30.67978, 62.05021, 25.605923, 14.1157675, 27.171997, 6.5358615, 26.01561, 56.3684, 36.18077, 29.497759, 25.431765, 44.47751, 59.628662, 0.9052818, 59.644104, 3.8068666, 20.462315, 0.47720551, 30.94188, 29.302973, 0.7960049, 28.336617, 2.448803, -9.11814, 36.59563, 22.29766, -2.1760447, 11.270096, -14.322834, 30.468441, 27.508812, 56.43547, -6.5569124, -15.785347, 55.926697, 7.889744, -0.8318461, -3.4989424, 45.858658, 49.05594, 7.9600005, 49.13232, 38.28178, 58.849686, 15.823418, 29.104374, 4.6527567, 25.281818, 29.97832, 36.626938, 36.469345, 8.559721, 17.698421, 18.083538, 10.279403, 52.534225, 3.295524, 38.01835, 40.023148, 4.8174267, -6.5442476, 35.20332, 0.8250251, 58.219772, 15.218324, 7.46418, -4.167348, 7.412002, 23.159393, 27.256916, 20.682661, 44.56774, 32.543083, 28.476505, 46.483322, -1.6728158, -13.16888, 3.9309535, 59.98369, -1.6867087, -6.9736624, 42.845016, 17.9318, 59.619217, 21.470455, 32.409, 16.618313, 11.997617, 15.904568, 9.529209, 13.164738, 4.589744, 4.5806713, -4.1327133, 54.8556, 7.6344695, 38.19738, 36.64543, 22.92313, 37.722973, 9.932228, 6.2678227, 56.01023, -10.154466, -11.313303, 32.39628, -9.599848, 20.224583, 6.637421, -8.566053, 25.472582, 8.813221, 7.9993215, 54.95057, 29.86405, 22.466946, -6.7558384, 8.316687, 20.882942, 21.479282, 37.65621, 25.752361, 26.313871, 24.894274, 68.02806, -18.189207, -19.131836, 24.109674, 21.914927, 34.96524, 46.09897, 58.170883, 36.144375, 16.68063, 0.87133265, 32.015682, 17.402565, 44.928753, 20.046932, 70.197914, 62.429466, 15.302316, -17.531254, 16.381096, 8.819361, 4.9223323, -10.815832, -16.591337, 3.8073726, 20.541306, 45.157917, 5.7490416, 53.92356, 47.027397, 23.679855, 21.766823, -5.529841, 6.918926, 27.84737, 54.726624, 45.228115, 26.274628, 27.646332, 59.838295, 12.387794, -0.06498194, -1.4730635, 22.534252, 27.396519, 31.158787, 1.7095132, 45.426647, 23.647724, 3.4217215, 13.616538, 4.401044, 90.91068, 27.164585, -13.534492, 23.171902], [9.686373, 10.751631, 9.0733185, 10.622986, 9.484159, 9.7918625, 10.636162, 6.8004584, 8.034629, 8.924837, 8.953682, 12.058571, 9.460173, 16.822317, 11.535351, 9.42627, 10.41437, 12.239931, 7.625801, 8.909605, 9.6368065, 10.065053, 8.696692, 12.220912, 9.606836, 9.655478, 8.097936, 11.461912, 10.041824, 4.5471377, 8.48597, 9.300915, 10.282662, 8.904693, 7.575969, 13.518068, 9.111118, 9.759893, 11.392009, 9.825066, 10.128866, 10.107914, 13.768128, 11.999135, 9.912366, 8.653555, 6.7815657, 9.835191, 6.6577616, 8.865232, 9.770447, 7.5577397, 13.677767, 11.449637, 12.276969, 10.710863, 9.619668, 11.7010765, 9.322907, 6.281765, 11.202985, 6.9693413, 8.927681, 7.6450243, 15.123678, 6.30039, 10.62796, 14.0576, 14.050943, 14.258366, 9.872541, 10.618311, 11.782141, 10.650492, 9.848744, 11.382927, 10.831505, 10.101098, 11.766903, 10.584834, 10.858782, 9.692387, 10.862741, 7.971979, 8.527403, 12.174725, 6.370896, 11.702533, 12.102566, 10.034768, 14.181437, 11.316555, 8.2154045, 9.043833, 7.1845064, 7.141062, 8.895247, 8.775368, 6.5677123, 9.334717, 8.560873, 11.2195835, 12.866804, 11.703842, 7.160915, 9.34918, 13.395254, 10.674101, 14.534988, 10.410338, 9.914549, 8.742402, 8.009875, 7.4360085, 12.106619, 10.871078, 11.300859, 13.752284, 8.884182, 8.35528, 7.3706365, 11.467394, 11.518005, 10.964754, 6.616729, 7.8189626, 6.0706744, 8.037572, 12.027906, 12.931007, 11.016121, 11.992549, 11.15167, 11.745143, 8.53113, 12.280445, 9.194514, 12.103588, 12.472416, 8.242085, 7.405715, 11.892751, 9.98484, 12.29761, 7.260611, 12.449604, 12.349134, 11.950055, 10.060608, 11.336708, 10.447596, 9.031593, 17.109068, 9.595821, 8.8892, 8.78998, 9.650917, 13.161234, 11.122504, 9.277798, 11.486702, 5.964425, 6.431787, 15.5846195, 7.6121473, 7.3690004, 7.1981974, 9.74407, 10.560902, 13.347699, 10.146103, 3.9971976, 10.102957, 8.975851, 9.268152, 11.355882, 9.058693, 10.671501, 4.1268187, 7.969288, 7.4519987, 9.60884, 8.342474, 10.023997, 7.689907, 11.500107, 8.4060755, 7.0340796, 11.545267, 8.860404, 7.5055704, 6.651913, 10.012633, 12.963002, 9.022369, 8.917935, 13.7765255, 12.235648, 8.680748, 7.928012]]
2b Zp macced: [[0.4526177, 0.12136881, 0.95995027, -0.22362879, 1.9297323, 4.673456, 1.2158833, 7.85684, 0.17188519, 1.5745107, -0.08048518, 0.21142596, 0.74240863, -0.18448497, -0.022458345, 0.3139506, 1.6194423, 0.11456909, 9.02901, -0.25149864, 4.2265835, 2.6289992, 0.095300004, 2.5723405, 4.8687267, -0.13061701, 0.113392636, 5.1641345, 0.4027316, 2.5834367, -0.20839174, -1.1798011], [0.43617457, 0.7904046, -0.14638942, 0.36599058, 0.5894368, 0.36891115, 0.5004332, 0.33451384, 1.1319724, 1.0343013, 0.73472923, 1.0086086, 0.4169715, 0.67734015, 0.5960226, 0.15602794, 0.31615376, -0.08211459, 0.8604236, 0.78645694, 0.48940194, 0.39317143, 0.5579632, 0.96659994, 0.3965671, 0.38713744, 1.7350917, 0.30369753, 0.6883449, 0.17480233, 0.5890324, 0.4116009], [0.1071578, 0.08412753, 0.058322765, 0.08500646, 0.1330137, 0.08967177, 0.075270906, 0.06179237, 0.019093504, 0.08349314, 0.044979855, 0.025483659, 0.07092045, 0.06532686, 0.021806603, 0.04379048, 0.06217868, 0.117227376, 0.039817456, 0.08661299, 0.10027211, 0.10164946, -0.008726537, 0.04413811, 0.114881136, 0.063727096, 0.08291655, 0.11003519, 0.020048667, 0.11388168, 0.057520375, 0.101268925, 0.09689981, 0.041953012, 0.10559361, 0.07122028, 0.0669201, 0.019547192, 0.09560844, 0.018760063, 0.099022195, 0.041327655, -0.0024238862, 0.08480765, -0.017423354, -0.0023924094, 0.08700787, 0.10691564, 0.08538465, 0.104324155, 0.15422018, 0.034022436, 0.087230206, 0.041858766, 0.07208635, 0.026052285, 0.12443031, 0.020212911, 0.11377656, -0.02439313, 0.041288953, 0.1024697, 0.077990875, 0.029482942], [0.18172798, 0.09696503, 0.119682536, 0.118308805, 0.4214217, 0.20658943, 0.09420632, 0.27434182, 0.03302792, 0.14066063, 0.36514372, 0.126052, 0.24086827, 0.15831953, 0.34264296, 0.18628299, -0.029197024, 0.3428982, 0.18811421, 0.19018397, 0.19307487, 0.238098, -0.026991732, 0.06379353, 0.18720575, 0.26962793, 0.3417731, 0.19828093, 0.16824847, 0.2910067, 0.34010437, 0.19614503, 0.29250586, 0.25952834, 0.24181469, 0.03708734, 0.20823252, -0.07411417, 0.26872748, 0.14074901, 0.053960685, 0.2653837, 0.1503041, 0.18071386, 0.37633154, 0.113515116, 0.0010519922, 0.34249997, 0.237201, 0.050485894, 0.32180083, 0.03929241, 0.20516287, 0.013708048, 0.034379557, 0.27746472, 0.11677265, 0.37112138, 0.17834488, 0.2157278, 0.14531149, 0.14458807, 0.20794316, 0.04861524], [0.03699082, -0.028730538, 0.017465308, -0.15591249, 0.018503055, 0.10781817, -0.06311941, 0.34755692, -0.010489181, 0.09851557, 0.18656224, 0.4334393, 0.4438973, 0.3235706, 0.5240616, 0.25089234, 0.5452044, 0.18335769, 0.12111584, 0.292772, 0.28579336, 0.2667814, -0.02820053, -0.12449556, 0.044497363, 0.090046644, 0.48858127, 0.10085463, 0.06572229, 0.3481413, 0.1711635, 0.2683317, 0.27907297, 0.3424458, 0.34067607, 0.1904872, 0.296113, 0.565776, 0.040622175, -0.014058821, 0.2589045, 0.08266939, 0.0009172112, -0.051974177, 0.1942301, 0.45719454, 0.25187868, 0.26560214, 0.1982558, 0.060425602, 0.09738429, -0.07040895, 0.36336768, 0.16427441, -0.0018839817, 0.037219316, 0.42095703, 0.24154991, 0.093763545, -0.008430537, 0.07152769, 0.18246096, 0.11240393, 0.020530513], [0.1932151, 0.3427577, 0.30436653, 0.02422453, 0.36263135, 0.24827282, 0.40201795, 0.1731515, 0.3097019, 0.31556034, 0.37737322, 0.38939524, 0.35742018, 0.46506187, 0.46448708, 0.26690963, 0.46368462, 0.14614971, 0.24937622, 0.24367508, -0.04817243, 0.23153487, 0.051317267, 0.2677205, 0.31171554, 0.5519882, 0.23148228, 0.46040267, 0.30255625, 0.4450561, 0.20090035, 0.48611587, 0.22042885, 0.16428037, 0.32217583, 0.28634942, 0.29417974, 0.26931357, 0.49486932, 0.2707333, 0.25315353, 0.31451833, 0.39338452, 0.41076088, 0.31003156, 0.19257471, 0.7223612, 0.20596012, 0.27594772, 0.3582775, 0.1348849, 0.18541184, 0.37602663, 0.2414429, 0.23138405, 0.36281988, 0.3000391, 0.24999276, 0.3369621, 0.3039683, 0.25891152, 0.36854115, 0.30046412, 0.31210506, 0.4336736, 0.41641635, 0.17816284, 0.34088767, 0.282434, 0.21902582, 0.3606554, 0.22550216, 0.26089725, 0.022020638, 0.55308616, 0.30414253, 0.4421504, 0.41945204, 0.40750435, 0.32790366, 0.3635802, 0.38375396, 0.68717134, 0.19203731, 0.1530986, 0.17976528, 0.103632845, 0.37146723, 0.23460954, 0.3423087, 0.37957868, 0.8299528, 0.45484045, 0.09376234, 0.079213396, 0.25472945, 0.29304484, 0.6355202, 0.3971618, 0.56331897, 0.26099306, 0.31554022, 0.13311766, 0.20234278, 0.4912055, 0.25511077, 0.34177756, 0.41242844, 0.123387106, 0.4181382, 0.5476142, 0.14687811, 0.22285224, 0.29362828, 0.36223528, 0.4831278, 0.33368844, 0.24345577, 0.7031306, 0.20713311, 0.15553036, 0.22372243, 0.17442387, 0.28382397, 0.3464533, 0.9810564, 0.19769783, 0.26643148], [-0.23911484, -0.083688214, 0.9170295, 0.38343, 0.050898083, 0.10787822, 0.8736331, 0.0051988363, 0.44176993, 1.7499619, 0.6392901, -0.0113611445, 0.58960617, -0.0566597, 0.47286406, 0.3007586, 0.07964887, 0.612586, 1.3782457, 0.74350655, 0.7053267, 0.8020521, 0.9526822, -0.074467406, 0.6230419, 0.45830798, 1.1900988, 1.2025975, 0.7573677, -0.059023783, 0.60019076, 0.80796623, 0.5678438, -0.16378798, 0.9334909, 1.4191376, 0.08706086, 0.6913245, 0.4928661, 0.69352335, 1.0775925, -0.050686732, -0.2339378, 0.11891682, 0.9662318, -0.10751268, 0.39877152, 1.1598908, -0.10315687, 1.0193435, -0.13090888, 0.6304141, -0.17386328, 0.34395868, 0.7236655, 0.032641895, -0.46907532, 0.13261378, 0.6423913, -0.09818826, 0.10698378, 0.38176018, 0.21219422, 0.16625458, -0.18971564, 0.23880869, 0.614328, 0.59600157, 0.009375025, -0.10537343, 0.60701835, -0.113404, 0.50574327, 0.10291281, 0.7275045, 0.8270694, 0.62611794, 1.2663308, 0.5225699, 0.28807688, 0.55453056, 0.13338493, 0.53093076, 1.1503756, 0.7383832, 0.6019951, 0.51901567, 0.90770435, 1.2169116, 0.018475167, 1.2172267, 0.07769113, 0.4175983, 0.009738889, 0.631467, 0.5980199, 0.016245015, 0.57829833, 0.049975567, -0.18608451, 0.74684966, 0.45505434, -0.044409074, 0.23000199, -0.29230273, 0.62180495, 0.56140435, 1.1517444, -0.13381451, -0.32215, 1.1413612, 0.16101517, -0.016976468, -0.071406975, 0.93589103, 1.0011415, 0.16244903, 1.0027004, 0.78126085, 1.201014, 0.32292688, 0.59396684, 0.09495421, 0.5159555, 0.61180246, 0.7474886, 0.74427235, 0.17468819, 0.3611923, 0.3690518, 0.20978375, 1.0721271, 0.06725556, 0.77588475, 0.816799, 0.09831487, -0.13355607, 0.71843517, 0.016837269, 1.1881586, 0.31057805, 0.15233016, -0.085047945, 0.15126535, 0.47264072, 0.55626357, 0.42209512, 0.9095457, 0.66414464, 0.58115315, 0.9486392, -0.03413912, -0.2687527, 0.08022353, 1.224157, -0.034422606, -0.14231963, 0.8743882, 0.36595514, 1.2167187, 0.43817258, 0.6614082, 0.33914927, 0.24484931, 0.324583, 0.19447365, 0.26866817, 0.09366821, 0.09348311, -0.08434107, 1.1195021, 0.15580553, 0.77953845, 0.747866, 0.4678191, 0.7698566, 0.20269853, 0.12791476, 1.1430659, -0.207234, -0.23088376, 0.66114867, -0.19591531, 0.4127466, 0.13545758, -0.17481744, 0.51984864, 0.17986168, 0.16325146, 1.1214402, 0.6094704, 0.45850906, -0.13787426, 0.16972828, 0.42618254, 0.43835276, 0.7684941, 0.5255584, 0.5370179, 0.5080464, 1.3883277, -0.37120834, -0.39044565, 0.49203423, 0.44724345, 0.7135763, 0.9407953, 1.187161, 0.7376404, 0.34042108, 0.01778229, 0.6533813, 0.35515445, 0.9169134, 0.4091211, 1.4326105, 1.2740707, 0.31229216, -0.35778075, 0.3343081, 0.17998698, 0.10045575, -0.22073129, -0.33859873, 0.077701464, 0.4192103, 0.9215902, 0.11732741, 1.1004809, 0.95974284, 0.48326242, 0.4442209, -0.112853914, 0.14120254, 0.5683137, 1.1168699, 0.92302275, 0.5362169, 0.5642109, 1.2211897, 0.2528121, -0.0013262033, -0.030062493, 0.4598827, 0.55911267, 0.6358937, 0.03488803, 0.9270744, 0.48260665, 0.06983109, 0.27788854, 0.089817226, 1.8553202, 0.5543793, -0.27621412, 0.47289598], [0.19768108, 0.21942101, 0.18516974, 0.21679562, 0.19355428, 0.19983391, 0.21706453, 0.13878487, 0.163972, 0.18213952, 0.18272823, 0.24609327, 0.19306475, 0.34331256, 0.2354153, 0.19237286, 0.21253815, 0.24979451, 0.15562859, 0.18182866, 0.19666952, 0.20540923, 0.1774835, 0.24940638, 0.19605789, 0.19705057, 0.16526401, 0.23391657, 0.20493518, 0.09279872, 0.17318304, 0.18981458, 0.20985025, 0.18172842, 0.15461162, 0.27587894, 0.18594119, 0.19918147, 0.23248997, 0.20051152, 0.20671155, 0.20628393, 0.2809822, 0.24488032, 0.20229319, 0.17660314, 0.1383993, 0.20071818, 0.13587268, 0.1809231, 0.19939688, 0.1542396, 0.2791381, 0.23366606, 0.2505504, 0.21858904, 0.19631974, 0.23879746, 0.19026339, 0.12819928, 0.22863233, 0.14223143, 0.18219757, 0.15602092, 0.3086465, 0.1285794, 0.21689712, 0.2868898, 0.28675395, 0.29098707, 0.20148042, 0.2167002, 0.24045183, 0.21735695, 0.20099477, 0.23230465, 0.2210511, 0.20614484, 0.24014087, 0.21601705, 0.2216078, 0.19780383, 0.2216886, 0.16269344, 0.17402864, 0.24846375, 0.13001826, 0.2388272, 0.24699114, 0.20479119, 0.2894171, 0.23095009, 0.16766132, 0.18456802, 0.14662257, 0.14573595, 0.18153566, 0.17908913, 0.13403493, 0.19050443, 0.17471167, 0.2289711, 0.26258785, 0.23885393, 0.14614113, 0.19079962, 0.27337256, 0.21783878, 0.2966324, 0.21245585, 0.20233771, 0.17841637, 0.16346684, 0.15175526, 0.24707384, 0.22185871, 0.23062979, 0.28065884, 0.18130983, 0.17051592, 0.15042114, 0.23402846, 0.23506132, 0.22377047, 0.13503529, 0.15957066, 0.1238913, 0.16403207, 0.24546748, 0.2638981, 0.22481878, 0.24474588, 0.22758514, 0.2396968, 0.17410468, 0.25062132, 0.18764316, 0.24701199, 0.2545391, 0.16820583, 0.15113702, 0.24270922, 0.20377225, 0.25097162, 0.14817573, 0.25407353, 0.25202316, 0.24387866, 0.20531851, 0.23136139, 0.21321623, 0.18431823, 0.3491646, 0.19583307, 0.18141223, 0.17938733, 0.19695748, 0.2685966, 0.2269899, 0.18934281, 0.23442249, 0.121722944, 0.13126095, 0.31805342, 0.15534994, 0.15038775, 0.146902, 0.19885859, 0.21552859, 0.27240202, 0.20706332, 0.08157547, 0.20618281, 0.18318063, 0.18914595, 0.2317527, 0.18487129, 0.21778575, 0.08422078, 0.1626385, 0.15208161, 0.19609877, 0.17025459, 0.20457137, 0.15693687, 0.23469608, 0.17155255, 0.14355263, 0.23561767, 0.18082458, 0.15317489, 0.13575332, 0.20433941, 0.26455104, 0.18412998, 0.18199867, 0.28115356, 0.2497071, 0.17715812, 0.16179615]]
