8b S_is: [225.77330403  78.2820355   30.10063831  38.9806973   34.65046495
  22.17446924  14.83324517   8.22409603]
4b S_is: [12.44419786  4.31475786  1.6590903   2.14854237  1.90986815  1.22221484
  0.81758044  0.45329663]
2b S_is: [1.77774255 0.61639398 0.2370129  0.30693462 0.27283831 0.17460212
 0.11679721 0.06475666]
8b Z_is: [-98.77330566  -2.59492527  -1.56697189  -1.29760205  -2.29752769
  -2.85158814  -2.35767725  -4.66986653]
4b Z_is: [-5.44419795 -0.14302738 -0.08636853 -0.07152137 -0.12663538 -0.15717415
 -0.12995071 -0.25739422]
2b Z_is: [-0.77774256 -0.02043248 -0.01233836 -0.01021734 -0.01809077 -0.02245345
 -0.01856439 -0.0367706 ]
8b S_ws: [419.30887 260.8992  183.42577 234.51324 236.64046 248.70012 227.76791
  95.91284]
4b S_ws: [23.111511  14.380271  10.110082  12.925927  13.043175  13.707881
 12.554137   5.2865343]
2b S_ws: [3.3016446 2.0543244 1.4442974 1.846561  1.8633107 1.9582686 1.7934481
 0.7552192]
8b S_bs: [94668.7486296  20423.72047072  5521.23263884  9141.48980172
  8199.70186634  5514.79313916  3378.53730753   788.79642145]
4b S_bs: [287.6042186   62.04738714  16.77353844  27.77190218  24.91074402
  16.75397555  10.26401704   2.39636819]
2b S_bs: [5.86947403 1.26627319 0.34231712 0.56677349 0.50838254 0.34191786
 0.20946973 0.04890547]
8b Zp macced: [[17.41025, 4.668522, 36.925144, -8.602033, 74.22845, 179.76765, 46.76977, 302.21872, 6.6116824, 60.564606, -3.0959206, 8.132647, 28.557259, -7.0963445, -0.86386204, 12.076323, 62.292953, 4.4069734, 347.30704, -9.674068, 162.57845, 101.12624, 3.6657763, 98.94683, 187.27887, -5.02427, 4.3617334, 198.64197, 15.49134, 99.37365, -8.015928, -45.38186], [26.964668, 48.863464, -9.049916, 22.625837, 36.43947, 22.806387, 30.937191, 20.67992, 69.97946, 63.94135, 45.421562, 62.353004, 25.77752, 41.87372, 36.846603, 9.645776, 19.544882, -5.076392, 53.192093, 48.619408, 30.25523, 24.30618, 34.493744, 59.755997, 24.516104, 23.933151, 107.26479, 18.77483, 42.554043, 10.806424, 36.414467, 25.445501], [9.422604, 7.3975053, 5.12844, 7.4747915, 11.696165, 7.885021, 6.6187243, 5.433529, 1.6789309, 7.3417225, 3.9551706, 2.2408302, 6.2361794, 5.744324, 1.9174987, 3.8505864, 5.4674983, 10.308042, 3.50123, 7.616057, 8.817131, 8.938244, -0.76734257, 3.8811538, 10.101731, 5.603654, 7.291021, 9.675618, 1.7629201, 10.013847, 5.0578833, 8.904783, 8.520598, 3.6890135, 9.285062, 6.262544, 5.884421, 1.7188243, 8.407045, 1.6496098, 8.707224, 3.6340253, -0.21313715, 7.4573097, -1.5320711, -0.21036953, 7.6507792, 9.40131, 7.508046, 9.173435, 13.560894, 2.9916613, 7.67033, 3.6807265, 6.338699, 2.2908309, 10.941411, 1.7773619, 10.004604, -2.1449375, 3.6306214, 9.01037, 6.857897, 2.592495], [12.498613, 6.6689157, 8.231345, 8.136866, 28.983908, 14.208497, 6.4791803, 18.86827, 2.2715445, 9.674145, 25.113304, 8.669415, 16.566074, 10.888662, 23.56578, 12.811892, -2.0080693, 23.583336, 12.937837, 13.080187, 13.279013, 16.375546, -1.8563964, 4.387495, 12.875357, 18.544065, 23.505955, 13.637068, 11.571541, 20.014423, 23.391186, 13.490168, 20.117527, 17.849451, 16.631168, 2.5507371, 14.321504, -5.097313, 18.482132, 9.680224, 3.7112267, 18.252161, 10.337389, 12.428866, 25.882763, 7.8071723, 0.07235241, 23.555948, 16.313854, 3.4722428, 22.132334, 2.7023935, 14.110384, 0.9427916, 2.3645055, 19.08305, 8.031214, 25.52443, 12.265936, 14.837004, 9.994015, 9.944261, 14.3016, 3.3435857], [2.5212302, -1.9582229, 1.1904058, -10.626721, 1.261136, 7.348699, -4.3021097, 23.688871, -0.71492434, 6.71465, 12.715757, 29.542467, 30.255266, 22.054008, 35.719124, 17.100384, 37.16018, 12.497341, 8.255043, 19.954826, 19.479177, 18.183353, -1.9220986, -8.485399, 3.0328627, 6.137422, 33.30085, 6.874074, 4.4795156, 23.728703, 11.6662035, 18.28902, 19.021126, 23.340508, 23.219887, 12.983274, 20.182547, 38.5623, 2.768737, -0.95822406, 17.646477, 5.6346006, 0.062515736, -3.542469, 13.238382, 31.16158, 17.16761, 18.102978, 13.51277, 4.1185026, 6.6375437, -4.798952, 24.766506, 11.196656, -0.12840867, 2.5368037, 28.691694, 16.46362, 6.39076, -0.57461035, 4.875203, 12.43622, 7.661256, 1.3993237], [12.530619, 22.228935, 19.739147, 1.5710387, 23.517807, 16.101292, 26.072151, 11.22943, 20.085161, 20.465101, 24.473864, 25.253532, 23.179848, 30.160755, 30.123478, 17.309948, 30.071438, 9.478276, 16.17285, 15.803112, -3.1241355, 15.015778, 3.3280897, 17.362534, 20.215754, 35.798206, 15.01237, 29.858591, 19.621744, 28.863316, 13.029032, 31.526175, 14.295519, 10.654108, 20.894138, 18.570677, 19.078499, 17.46585, 32.09387, 17.557924, 16.417818, 20.397522, 25.512249, 26.63916, 20.10654, 12.489089, 46.847443, 13.357175, 17.896095, 23.235447, 8.747718, 12.024553, 24.386536, 15.658348, 15.005999, 23.530033, 19.458498, 16.212831, 21.853077, 19.713318, 16.79124, 23.901075, 19.486065, 20.241014, 28.125124, 27.005936, 11.554432, 22.107658, 18.31675, 14.204528, 23.38966, 14.624538, 16.920025, 1.4281101, 35.869415, 19.72462, 28.674871, 27.202812, 26.427963, 21.265606, 23.579342, 24.887676, 44.56527, 12.454236, 9.928936, 11.658356, 6.720923, 24.090841, 15.215181, 22.199816, 24.616894, 53.825104, 29.497864, 6.0807896, 5.1372414, 16.520025, 19.004898, 41.21553, 25.757217, 36.53304, 16.92624, 20.463799, 8.633108, 13.122578, 31.856255, 16.54475, 22.16537, 26.747307, 8.00205, 27.117605, 35.51454, 9.5255165, 14.452684, 19.042738, 23.49212, 31.33239, 21.640768, 15.788888, 45.60027, 13.433247, 10.086644, 14.509117, 11.311947, 18.406895, 22.468609, 63.624657, 12.821339, 17.278936], [-16.93251, -5.926239, 64.93788, 27.151949, 3.6042604, 7.639214, 61.864845, 0.3681469, 31.28319, 123.92058, 45.270245, -0.8045219, 41.751957, -4.0122595, 33.485065, 21.297707, 5.6402006, 43.37924, 97.59814, 52.650154, 49.946514, 56.795956, 67.46257, -5.273286, 44.119656, 32.4543, 84.274826, 85.1599, 53.631706, -4.1796713, 42.501488, 57.21476, 40.21089, -11.598367, 66.10357, 100.49382, 6.1650686, 48.95497, 34.901478, 49.11068, 76.30789, -3.5892954, -16.565907, 8.420893, 68.422066, -7.613328, 28.23833, 82.1357, -7.304879, 72.18308, -9.270089, 44.641705, -12.311831, 24.356846, 51.245144, 2.3114796, -33.216774, 9.3908205, 45.489853, -6.953037, 7.575872, 27.033699, 15.026174, 11.773039, -13.434391, 16.910833, 43.5026, 42.20484, 0.66388035, -7.4618416, 42.984974, -8.030512, 35.813347, 7.2875953, 51.517, 58.567516, 44.33748, 89.67307, 37.0049, 20.39968, 39.268143, 9.445427, 37.596962, 81.46189, 52.287346, 42.629265, 36.753212, 64.27754, 86.17352, 1.3082857, 86.19585, 5.501567, 29.571514, 0.6896421, 44.716263, 42.347763, 1.1503601, 40.951214, 3.538935, -13.1772585, 52.886894, 32.223896, -3.144753, 16.287199, -20.698925, 44.032063, 39.754898, 81.55882, -9.475849, -22.812504, 80.82356, 11.402018, -1.2021599, -5.0565653, 66.27354, 70.89414, 11.503553, 71.00453, 55.32366, 85.04777, 22.867523, 42.060753, 6.7240186, 36.536514, 43.323753, 52.932137, 52.704384, 12.370245, 25.577219, 26.133778, 14.855481, 75.92086, 4.7625904, 54.942955, 57.840233, 6.962002, -9.457545, 50.874767, 1.1923037, 84.137436, 21.993057, 10.787003, -6.022527, 10.711599, 33.46925, 39.39086, 29.889952, 64.40794, 47.030277, 41.153374, 67.17628, -2.4175024, -19.031263, 5.680896, 86.6866, -2.43758, -10.078123, 61.91832, 25.914492, 86.159874, 31.028446, 46.8365, 24.01628, 17.33859, 22.984798, 13.77132, 19.02528, 6.6329556, 6.619846, -5.9724693, 79.275635, 11.033102, 55.20169, 52.958862, 33.127808, 54.51609, 14.353752, 9.058067, 80.94428, -14.674924, -16.349642, 46.81812, -13.873408, 29.227947, 9.592199, -12.3794, 36.8122, 12.736597, 11.560377, 79.41289, 43.158615, 32.468544, -9.763331, 12.01902, 30.179394, 31.041204, 54.41961, 37.21653, 38.028008, 35.976448, 98.31207, -26.286488, -27.648745, 34.842567, 31.670786, 50.530693, 66.62083, 84.06678, 52.234756, 24.106342, 1.2592239, 46.26809, 25.149658, 64.929665, 28.97122, 101.44788, 90.22116, 22.11444, -25.335636, 23.673462, 12.745472, 7.1136045, -15.63071, -23.977295, 5.5022974, 29.685669, 65.26085, 8.30834, 77.92868, 67.96256, 34.22141, 31.456749, -7.991558, 9.99902, 40.24417, 79.08925, 65.36229, 37.97129, 39.953636, 86.47649, 17.90246, -0.0939126, -2.1288261, 32.565815, 39.592613, 45.02973, 2.4705353, 65.6492, 34.174973, 4.94497, 19.678204, 6.3602543, 131.38135, 39.257427, -19.559633, 33.487328], [33.242664, 36.89852, 31.138718, 36.45702, 32.548683, 33.60469, 36.502247, 23.338493, 27.57404, 30.629147, 30.728144, 41.383812, 32.466362, 57.732506, 39.588165, 32.35002, 35.741074, 42.006218, 26.170986, 30.57687, 33.072556, 34.542255, 29.846178, 41.940952, 32.969704, 33.136635, 27.791307, 39.336136, 34.462536, 15.605323, 29.122997, 31.919811, 35.28907, 30.560017, 25.999968, 46.39266, 31.268448, 33.494972, 39.09623, 33.718643, 34.761253, 34.689346, 47.25084, 41.179832, 34.01825, 29.698132, 23.273655, 33.753395, 22.84877, 30.424587, 33.531197, 25.937408, 46.940727, 39.29401, 42.13333, 36.75861, 33.01374, 40.15692, 31.995285, 21.55839, 38.447525, 23.91808, 30.638908, 26.236963, 51.902954, 21.622307, 36.474094, 48.244274, 48.22143, 48.93329, 33.881573, 36.44098, 40.435127, 36.551422, 33.799904, 39.065067, 37.172638, 34.66596, 40.382835, 36.326096, 37.26626, 33.2633, 37.27984, 27.359034, 29.265194, 41.782436, 21.864277, 40.161926, 41.534794, 34.43832, 48.669273, 38.837284, 28.194448, 31.037529, 24.656504, 24.507408, 30.5276, 30.116184, 22.539732, 32.035816, 29.380058, 38.504494, 44.157585, 40.16642, 24.575544, 32.085457, 45.971172, 36.632446, 49.88262, 35.727234, 34.02574, 30.00305, 27.48909, 25.519636, 41.548706, 37.30845, 38.783424, 47.196465, 30.489624, 28.674488, 25.295286, 39.35495, 39.52864, 37.629936, 22.707952, 26.833899, 20.833946, 27.584145, 41.278572, 44.377926, 37.806225, 41.157227, 38.27142, 40.30816, 29.277985, 42.145264, 31.554655, 41.5383, 42.804085, 28.286015, 25.415676, 40.81473, 34.26697, 42.20417, 24.91769, 42.725796, 42.380997, 41.011395, 34.526997, 38.90645, 35.855103, 30.995523, 58.716606, 32.9319, 30.506844, 30.16633, 33.12098, 45.168037, 38.171326, 31.840477, 39.42121, 20.469309, 22.07325, 53.484856, 26.12413, 25.28967, 24.703495, 33.440674, 36.243954, 45.80797, 34.82041, 13.717983, 34.67234, 30.804224, 31.807373, 38.97225, 31.088528, 36.623528, 14.1628275, 27.349798, 25.574516, 32.976578, 28.630537, 34.401352, 26.390991, 39.467216, 28.848806, 24.140257, 39.6222, 30.40802, 25.758366, 22.8287, 34.36236, 44.487724, 30.963871, 30.605461, 47.279655, 41.99152, 29.791458, 27.208145]]
4b Zp macced: [[0.9596201, 0.25732076, 2.0352442, -0.47412768, 4.0913324, 9.908454, 2.5778613, 16.657726, 0.36442327, 3.3382063, -0.17064098, 0.44825622, 1.5740217, -0.39113733, -0.047614366, 0.665624, 3.43347, 0.24290432, 19.142908, -0.5332167, 8.961015, 5.5738883, 0.20205072, 5.4537625, 10.322456, -0.2769281, 0.24041039, 10.948769, 0.8538537, 5.4772887, -0.4418224, -2.5013623], [1.4862416, 2.6932616, -0.49881428, 1.2470934, 2.0084746, 1.257045, 1.7051997, 1.1398381, 3.8571358, 3.5243266, 2.503551, 3.43678, 1.4208082, 2.3080006, 2.0309155, 0.531657, 1.0772771, -0.27980113, 2.9318478, 2.67981, 1.6676111, 1.3397107, 1.90123, 3.2936378, 1.3512814, 1.3191501, 5.9122334, 1.0348332, 2.3454986, 0.59562963, 2.0070968, 1.402508], [0.51935613, 0.40773654, 0.28266993, 0.41199636, 0.64467055, 0.43460748, 0.3648116, 0.29948586, 0.09253948, 0.40466183, 0.21800151, 0.123510346, 0.34372646, 0.3166163, 0.105688915, 0.21223705, 0.30135816, 0.5681598, 0.19298118, 0.41978264, 0.4859836, 0.49265915, -0.04229448, 0.21392184, 0.5567884, 0.30886284, 0.40186733, 0.5333018, 0.09716882, 0.5519444, 0.278781, 0.4908148, 0.46963924, 0.20333146, 0.5117751, 0.34517962, 0.32433814, 0.09473834, 0.46338046, 0.0909234, 0.47992572, 0.20030057, -0.011747703, 0.41103286, -0.08444486, -0.0115951635, 0.42169645, 0.5181824, 0.41382933, 0.5056224, 0.74745095, 0.16489473, 0.4227741, 0.20287469, 0.3493771, 0.12626626, 0.6030699, 0.09796485, 0.5514349, -0.11822489, 0.20011301, 0.49663454, 0.37799436, 0.14289343], [0.68889993, 0.367578, 0.45369616, 0.44848862, 1.5975382, 0.7831455, 0.35712016, 1.0399833, 0.12520322, 0.5332206, 1.3841978, 0.4778418, 0.91309065, 0.60016245, 1.2989013, 0.7061672, -0.110680975, 1.2998691, 0.71310914, 0.72095513, 0.7319141, 0.9025891, -0.10232106, 0.24183042, 0.7096653, 1.0221138, 1.2956038, 0.7516493, 0.63780135, 1.103157, 1.289278, 0.74355257, 1.10884, 0.98382795, 0.91667855, 0.14059182, 0.7893742, -0.28095424, 1.0187002, 0.5335556, 0.20455576, 1.0060246, 0.56977737, 0.6850556, 1.4266089, 0.43031657, 0.0039879233, 1.2983593, 0.89918876, 0.19138348, 1.2198923, 0.14895083, 0.7777377, 0.051964883, 0.13032706, 1.0518217, 0.44266528, 1.4068582, 0.6760752, 0.81778765, 0.55085117, 0.5481088, 0.7882772, 0.18429214], [0.13896537, -0.10793358, 0.06561309, -0.5857248, 0.06951144, 0.4050464, -0.2371241, 1.3056858, -0.039405227, 0.37009877, 0.7008685, 1.6283247, 1.6676128, 1.2155751, 1.9687705, 0.94254065, 2.0481987, 0.68882954, 0.45500243, 1.0998721, 1.0736554, 1.002232, -0.10594248, -0.46769908, 0.1671656, 0.3382831, 1.8354795, 0.3788859, 0.24690247, 1.3078811, 0.6430191, 1.008056, 1.0484083, 1.2864845, 1.2798362, 0.7156134, 1.1124237, 2.125481, 0.15260753, -0.052815527, 0.9726404, 0.31056848, 0.0034457743, -0.19525412, 0.7296745, 1.7175671, 0.94624615, 0.9978019, 0.7447982, 0.22700407, 0.36584875, -0.26450905, 1.3650827, 0.6171385, -0.0070776716, 0.13982381, 1.5814319, 0.9074435, 0.3522465, -0.031671464, 0.26871192, 0.6854609, 0.42227384, 0.07712808], [0.690664, 1.2252169, 1.0879844, 0.086592674, 1.2962571, 0.8874726, 1.4370477, 0.618945, 1.1070561, 1.1279978, 1.3489531, 1.391927, 1.2776293, 1.6624038, 1.6603491, 0.9540914, 1.6574808, 0.5224247, 0.8914168, 0.8710377, -0.17219651, 0.82764125, 0.183438, 0.95699, 1.114254, 1.9731295, 0.8274535, 1.6457491, 1.0815134, 1.5908915, 0.71813554, 1.737663, 0.787942, 0.5872343, 1.1516454, 1.0235807, 1.0515709, 0.9626847, 1.7689532, 0.96775955, 0.90491915, 1.124273, 1.4061869, 1.4683003, 1.1082345, 0.688375, 2.5821426, 0.73622227, 0.98639894, 1.2806938, 0.48215768, 0.6627706, 1.3441396, 0.8630585, 0.8271022, 1.2969309, 1.0725156, 0.89362067, 1.2045002, 1.086561, 0.9255015, 1.3173821, 1.0740349, 1.1156464, 1.5502037, 1.4885161, 0.63685846, 1.2185324, 1.0095847, 0.7829267, 1.2891939, 0.8060769, 0.9325998, 0.07871476, 1.9770542, 1.0871837, 1.5805048, 1.4993676, 1.4566593, 1.1721201, 1.2996488, 1.3717616, 2.4563532, 0.68645394, 0.5472642, 0.6425866, 0.37044457, 1.3278418, 0.8386321, 1.223612, 1.3568368, 2.9667377, 1.6258664, 0.33516163, 0.28315505, 0.9105525, 1.0475142, 2.271722, 1.4196892, 2.013632, 0.93294233, 1.1279258, 0.47584057, 0.72329164, 1.7558565, 0.91191536, 1.2217133, 1.474261, 0.4410578, 1.4946711, 1.9574944, 0.52502847, 0.7966046, 1.0495996, 1.2948413, 1.7269821, 1.1927981, 0.8702536, 2.5134008, 0.7404151, 0.55595684, 0.79971516, 0.6234932, 1.0145533, 1.2384272, 3.5068707, 0.706688, 0.9523823], [-0.93328816, -0.32664317, 3.579254, 1.4965639, 0.19866008, 0.42105907, 3.4098735, 0.020291686, 1.7242703, 6.830269, 2.4952104, -0.044343732, 2.301289, -0.22114825, 1.8456336, 1.1738894, 0.31087726, 2.390982, 5.379425, 2.901977, 2.7529573, 3.1304858, 3.7184098, -0.29065347, 2.4317923, 1.7888198, 4.645069, 4.6938534, 2.9560785, -0.23037545, 2.3426018, 3.1535695, 2.2163486, -0.6392802, 3.6435041, 5.53903, 0.33980694, 2.6983056, 1.9237034, 2.706888, 4.2059464, -0.19783509, -0.9130815, 0.4641437, 3.7712953, -0.4196323, 1.5564435, 4.5271645, -0.4026312, 3.978595, -0.5109498, 2.4605665, -0.678605, 1.3425035, 2.8245354, 0.12740442, -1.8308458, 0.5176044, 2.5073144, -0.38323832, 0.41756776, 1.4900465, 0.8282143, 0.6489075, -0.74047816, 0.93209326, 2.3977811, 2.3262513, 0.03659165, -0.41128257, 2.3692508, -0.44262666, 1.9739641, 0.40167865, 2.8395195, 3.2281308, 2.4437983, 4.94261, 2.0396402, 1.1243917, 2.1643858, 0.520614, 2.0722737, 4.4900255, 2.88198, 2.3496444, 2.0257676, 3.5428567, 4.749722, 0.072110206, 4.750952, 0.30323598, 1.629926, 0.03801179, 2.464676, 2.3341289, 0.06340575, 2.2571537, 0.19505945, -0.7263056, 2.9150257, 1.7761204, -0.17333293, 0.8977196, -1.1408856, 2.4269643, 2.191215, 4.495368, -0.5222909, -1.2573822, 4.4548416, 0.62845767, -0.066260844, -0.2787083, 3.652872, 3.9075515, 0.63405406, 3.913636, 3.0493357, 4.6876726, 1.2604146, 2.3183093, 0.37061518, 2.0138235, 2.3879235, 2.9175196, 2.904966, 0.6818248, 1.4097681, 1.4404447, 0.81880593, 4.1846147, 0.26250497, 3.0283523, 3.1880443, 0.38373226, -0.5212823, 2.804121, 0.06571758, 4.637497, 1.2122157, 0.5945592, -0.33195028, 0.5904032, 1.8447618, 2.17115, 1.6474777, 3.5500438, 2.59222, 2.2682962, 3.7026296, -0.13324815, -1.0489674, 0.31312025, 4.778002, -0.13435473, -0.55548704, 3.4128208, 1.428358, 4.74897, 1.7102294, 2.5815396, 1.3237319, 0.9556704, 1.2668786, 0.7590493, 1.0486376, 0.365596, 0.36487347, -0.32919124, 4.369523, 0.6081238, 3.042613, 2.9189925, 1.8259425, 3.004824, 0.79115176, 0.49926355, 4.461496, -0.80885416, -0.90116143, 2.5805264, -0.7646761, 1.6109893, 0.5287038, -0.6823292, 2.0290189, 0.7020172, 0.63718605, 4.3770885, 2.3788214, 1.7896047, -0.5381364, 0.6624657, 1.6634312, 1.7109326, 2.999506, 2.0513048, 2.0960321, 1.9829538, 5.4187756, -1.4488615, -1.5239466, 1.9204565, 1.745634, 2.7851565, 3.672014, 4.633603, 2.8790808, 1.328696, 0.069406, 2.5502098, 1.3862016, 3.5788007, 1.5968388, 5.5916157, 4.9728203, 1.2189062, -1.3964524, 1.3048365, 0.7025064, 0.3920884, -0.86153525, -1.3215833, 0.30327627, 1.6362181, 3.597055, 0.45794004, 4.2952824, 3.7459683, 1.8862194, 1.7338367, -0.4404794, 0.551127, 2.2181828, 4.35925, 3.602646, 2.092906, 2.202169, 4.76642, 0.9867497, -0.0051761866, -0.11733687, 1.7949661, 2.18227, 2.4819536, 0.13617137, 3.61846, 1.88366, 0.27255732, 1.0846255, 0.3505653, 7.2414923, 2.1637955, -1.0780902, 1.8457582], [1.832273, 2.0337768, 1.7163073, 2.0094423, 1.7940221, 1.8522272, 2.0119348, 1.2863737, 1.519829, 1.6882207, 1.6936772, 2.2809975, 1.7894847, 3.1821065, 2.182025, 1.7830719, 1.9699805, 2.3153033, 1.4424953, 1.6853395, 1.822897, 1.9039038, 1.645065, 2.311706, 1.8172276, 1.8264288, 1.5318043, 2.1681337, 1.8995099, 0.8601358, 1.6052046, 1.7593596, 1.9450668, 1.6844105, 1.4330691, 2.5570755, 1.7234577, 1.8461797, 2.1549106, 1.8585079, 1.9159747, 1.9120115, 2.6043768, 2.2697544, 1.8750217, 1.636905, 1.2828, 1.8604231, 1.259381, 1.6769459, 1.8481762, 1.429621, 2.587284, 2.1658115, 2.3223097, 2.0260649, 1.819655, 2.2133737, 1.7635195, 1.1882577, 2.119155, 1.3183194, 1.6887589, 1.4461317, 2.8607926, 1.1917808, 2.0103831, 2.6591334, 2.6578743, 2.6971104, 1.8674884, 2.008558, 2.2287076, 2.014645, 1.862987, 2.153193, 2.0488856, 1.9107221, 2.2258255, 2.0022259, 2.0540454, 1.8334104, 2.0547943, 1.5079782, 1.6130424, 2.302969, 1.2051176, 2.2136493, 2.2893195, 1.898175, 2.6825583, 2.1406376, 1.5540247, 1.71073, 1.35902, 1.3508022, 1.6826236, 1.6599472, 1.2423475, 1.7657536, 1.6193733, 2.122295, 2.4338827, 2.2138972, 1.3545578, 1.7684897, 2.5338442, 2.0191112, 2.749436, 1.9692181, 1.8754344, 1.6537116, 1.5151467, 1.406594, 2.290086, 2.0563712, 2.1376688, 2.60138, 1.6805305, 1.5804836, 1.3942282, 2.1691704, 2.1787438, 2.074091, 1.2516196, 1.4790338, 1.1483276, 1.5203859, 2.275197, 2.4460273, 2.0838077, 2.2685084, 2.1094487, 2.2217095, 1.6137471, 2.322967, 1.7392331, 2.2895129, 2.35928, 1.5590718, 1.4008639, 2.249631, 1.8887308, 2.326214, 1.3734161, 2.3549652, 2.3359606, 2.2604706, 1.9030628, 2.14445, 1.9762655, 1.7084148, 3.2363486, 1.815144, 1.6814797, 1.6627113, 1.825566, 2.4895768, 2.1039314, 1.7549869, 2.172823, 1.1282296, 1.2166358, 2.9479842, 1.4399126, 1.3939188, 1.3616099, 1.8431866, 1.9976985, 2.5248487, 1.9192353, 0.75610924, 1.9110739, 1.6978707, 1.7531621, 2.1480768, 1.7135408, 2.0186195, 0.7806282, 1.5074692, 1.4096189, 1.8176068, 1.5780611, 1.8961377, 1.4546216, 2.1753585, 1.5900918, 1.3305653, 2.1839008, 1.6760327, 1.4197524, 1.2582748, 1.8939881, 2.4520795, 1.7066699, 1.6869153, 2.6059651, 2.3144932, 1.6420488, 1.4996614]]
2b Zp macced: [[0.13708857, 0.036760032, 0.29074916, -0.067732506, 0.58447593, 1.4154932, 0.36826593, 2.3796747, 0.052060492, 0.4768867, -0.024377286, 0.064036556, 0.22486025, -0.05587673, -0.0068020523, 0.09508913, 0.4904956, 0.034700565, 2.7347007, -0.07617383, 1.2801448, 0.79626966, 0.028864376, 0.7791089, 1.474637, -0.039561193, 0.034344375, 1.5641099, 0.12197908, 0.78246975, -0.063117556, -0.3573375], [0.21232021, 0.38475162, -0.07125917, 0.17815617, 0.2869249, 0.17957784, 0.2435999, 0.16283399, 0.5510193, 0.5034751, 0.35765007, 0.49096847, 0.20297258, 0.3297143, 0.29013073, 0.07595098, 0.15389669, -0.03997159, 0.41883534, 0.38282996, 0.23823012, 0.1913872, 0.27160424, 0.47051963, 0.19304016, 0.18845001, 0.8446046, 0.14783329, 0.33507118, 0.08508994, 0.28672805, 0.20035826], [0.074193716, 0.05824807, 0.04038141, 0.058856614, 0.09209578, 0.062086772, 0.052115932, 0.042783692, 0.013219922, 0.05780883, 0.031143071, 0.01764433, 0.049103774, 0.045230895, 0.015098415, 0.030319573, 0.043051165, 0.08116567, 0.027568737, 0.05996894, 0.069426216, 0.07037987, -0.006042066, 0.03056026, 0.079541184, 0.04412325, 0.057409607, 0.07618596, 0.013881259, 0.07884919, 0.039825846, 0.070116386, 0.06709131, 0.02904735, 0.07311071, 0.049311366, 0.046334013, 0.013534045, 0.0661972, 0.012989055, 0.06856081, 0.028614368, -0.0016782489, 0.05871897, -0.012063551, -0.0016564531, 0.060242347, 0.07402605, 0.05911846, 0.07223177, 0.10677868, 0.023556385, 0.06039629, 0.028982094, 0.049911007, 0.018038034, 0.08615283, 0.013994975, 0.078776404, -0.016889267, 0.028587569, 0.07094778, 0.053999178, 0.020413341], [0.09841429, 0.052511144, 0.06481375, 0.06406982, 0.22821976, 0.11187794, 0.051017173, 0.14856906, 0.017886177, 0.07617436, 0.19774258, 0.06826312, 0.13044155, 0.08573751, 0.18555735, 0.10088104, -0.01581157, 0.18569559, 0.10187273, 0.1029936, 0.10455917, 0.12894131, -0.014617298, 0.034547206, 0.101380765, 0.14601627, 0.18508628, 0.10737849, 0.09111449, 0.15759388, 0.18418258, 0.1062218, 0.15840574, 0.14054686, 0.13095409, 0.020084545, 0.11276775, -0.040136322, 0.14552861, 0.07622224, 0.029222261, 0.14371783, 0.08139677, 0.09786509, 0.2038013, 0.0614738, 0.0005697012, 0.1854799, 0.12845555, 0.0273405, 0.17427036, 0.021278694, 0.11110538, 0.0074235536, 0.018618155, 0.15026027, 0.063237906, 0.20097977, 0.09658218, 0.11682681, 0.07869303, 0.078301266, 0.11261104, 0.02632745], [0.019852204, -0.015419085, 0.009373277, -0.083674975, 0.009930216, 0.057863772, -0.033874873, 0.18652655, -0.005629326, 0.052871257, 0.100124076, 0.23261786, 0.23823044, 0.1736536, 0.28125295, 0.1346487, 0.29259986, 0.09840424, 0.06500034, 0.15712461, 0.15337935, 0.14317602, -0.015134634, -0.06681417, 0.023880806, 0.04832615, 0.26221138, 0.05412657, 0.035271786, 0.18684018, 0.09185988, 0.14400804, 0.14977263, 0.18378353, 0.18283376, 0.102230504, 0.1589177, 0.3036402, 0.02180108, -0.0075450707, 0.13894865, 0.044366937, 0.0004922487, -0.027893454, 0.10423924, 0.24536677, 0.13517803, 0.14254314, 0.10639976, 0.03242916, 0.05226411, -0.03778702, 0.19501185, 0.088162646, -0.0010110885, 0.01997483, 0.22591886, 0.12963481, 0.050320935, -0.0045244927, 0.038387425, 0.097922996, 0.06032484, 0.011018291], [0.098666295, 0.17503098, 0.15542635, 0.012370388, 0.18517956, 0.1267818, 0.20529254, 0.08842072, 0.15815087, 0.16114253, 0.19270757, 0.1988467, 0.18251848, 0.23748626, 0.23719272, 0.13629878, 0.23678297, 0.0746321, 0.12734525, 0.12443395, -0.024599496, 0.11823447, 0.026205428, 0.13671285, 0.15917915, 0.28187564, 0.11820763, 0.235107, 0.15450191, 0.2272702, 0.1025908, 0.24823758, 0.11256313, 0.08389062, 0.16452077, 0.14622578, 0.1502244, 0.13752636, 0.25270757, 0.13825136, 0.12927416, 0.16061041, 0.20088384, 0.20975718, 0.1583192, 0.09833928, 0.3688775, 0.1051746, 0.14091413, 0.18295625, 0.06887967, 0.09468152, 0.19201994, 0.12329406, 0.11815746, 0.18527584, 0.15321651, 0.1276601, 0.17207146, 0.15522298, 0.1322145, 0.18819743, 0.15343356, 0.15937805, 0.22145766, 0.21264514, 0.09097977, 0.17407605, 0.14422637, 0.11184667, 0.18417054, 0.11515385, 0.13322854, 0.011244953, 0.2824363, 0.15531197, 0.22578639, 0.21419536, 0.2080942, 0.16744569, 0.18566409, 0.19596595, 0.35090762, 0.098064855, 0.07818059, 0.09179807, 0.052920654, 0.18969166, 0.11980458, 0.17480169, 0.1938338, 0.42381966, 0.23226663, 0.047880225, 0.040450722, 0.13007893, 0.14964487, 0.3245317, 0.2028127, 0.28766173, 0.13327748, 0.16113225, 0.06797722, 0.10332737, 0.2508366, 0.13027363, 0.17453046, 0.21060872, 0.06300826, 0.21352442, 0.27964205, 0.07500407, 0.11380066, 0.14994282, 0.18497732, 0.24671172, 0.17039973, 0.12432194, 0.35905725, 0.10577358, 0.079422385, 0.11424501, 0.08907045, 0.14493617, 0.17691816, 0.50098157, 0.10095543, 0.13605464], [-0.13332689, -0.046663314, 0.511322, 0.21379489, 0.028380007, 0.0601513, 0.4871248, 0.0028988048, 0.24632436, 0.9757527, 0.35645866, -0.006334817, 0.32875562, -0.0315926, 0.26366198, 0.16769852, 0.044411033, 0.3415689, 0.76848936, 0.4145682, 0.39327967, 0.44721234, 0.5312015, -0.04152193, 0.34739894, 0.25554574, 0.6635814, 0.6705505, 0.42229694, -0.032910764, 0.33465743, 0.45050997, 0.31662124, -0.09132573, 0.52050066, 0.79129004, 0.04854385, 0.3854723, 0.27481478, 0.3866983, 0.6008495, -0.028262153, -0.13044024, 0.06630625, 0.53875655, -0.05994746, 0.22234908, 0.6467379, -0.057518728, 0.56837076, -0.07299282, 0.35150954, -0.09694359, 0.19178623, 0.40350515, 0.018200636, -0.2615494, 0.07394348, 0.35818782, -0.054748327, 0.05965255, 0.2128638, 0.11831634, 0.0927011, -0.10578261, 0.13315618, 0.3425402, 0.33232164, 0.0052274037, -0.058754668, 0.33846438, -0.06323239, 0.2819949, 0.057382666, 0.40564567, 0.4611616, 0.3491141, 0.70608723, 0.29137722, 0.1606274, 0.309198, 0.07437344, 0.29603913, 0.6414323, 0.41171145, 0.33566353, 0.2893954, 0.5061224, 0.67853177, 0.01030146, 0.6787075, 0.043319434, 0.23284659, 0.005430259, 0.3520966, 0.33344698, 0.009057969, 0.32245055, 0.027865643, -0.103757955, 0.4164323, 0.25373152, -0.024761856, 0.12824568, -0.16298366, 0.34670922, 0.31303072, 0.6421956, -0.074613005, -0.17962603, 0.63640606, 0.089779675, -0.009465819, -0.03981546, 0.52183896, 0.5582217, 0.09057917, 0.5590909, 0.43561944, 0.6696676, 0.18005925, 0.33118707, 0.052945036, 0.28768912, 0.34113196, 0.41678852, 0.41499522, 0.09740354, 0.20139547, 0.20577782, 0.116972305, 0.59780216, 0.037500713, 0.43262178, 0.45543498, 0.0548189, -0.07446887, 0.40058875, 0.009388208, 0.6624996, 0.1731737, 0.08493705, -0.047421448, 0.084343314, 0.2635374, 0.31016433, 0.23535399, 0.5071492, 0.37031716, 0.32404238, 0.5289471, -0.019035451, -0.14985248, 0.04473146, 0.68257165, -0.019193538, -0.07935531, 0.4875459, 0.20405117, 0.67842424, 0.24431849, 0.3687914, 0.18910459, 0.13652433, 0.18098265, 0.10843562, 0.14980537, 0.052227996, 0.052124787, -0.047027327, 0.6242177, 0.08687483, 0.43465903, 0.41699895, 0.26084894, 0.4292606, 0.11302168, 0.071323365, 0.63735664, -0.115550585, -0.12873736, 0.36864665, -0.10923945, 0.23014136, 0.075529136, -0.09747561, 0.2898599, 0.100288175, 0.091026574, 0.6252984, 0.33983165, 0.25565785, -0.07687665, 0.09463796, 0.23763303, 0.24441898, 0.4285009, 0.29304355, 0.2994332, 0.28327915, 0.7741109, -0.20698026, -0.21770668, 0.27435094, 0.24937631, 0.39787954, 0.5245735, 0.6619433, 0.41129732, 0.18981372, 0.009915141, 0.3643157, 0.19802883, 0.5112573, 0.22811985, 0.7988023, 0.71040297, 0.17412947, -0.19949323, 0.18640524, 0.100358054, 0.05601264, -0.1230765, -0.18879761, 0.043325186, 0.23374546, 0.513865, 0.06542, 0.6136118, 0.53513837, 0.26945993, 0.24769098, -0.06292565, 0.078732446, 0.3168833, 0.62275004, 0.5146638, 0.29898658, 0.3145956, 0.68091726, 0.14096427, -0.0007394627, -0.016762417, 0.25642377, 0.31175292, 0.35456485, 0.019453041, 0.51692295, 0.2690943, 0.038936764, 0.1549465, 0.05008076, 1.0344989, 0.30911365, -0.15401287, 0.26367977], [0.26175326, 0.2905395, 0.24518673, 0.28706315, 0.25628883, 0.26460385, 0.28741923, 0.18376765, 0.21711841, 0.24117437, 0.24195388, 0.32585675, 0.2556407, 0.45458663, 0.31171787, 0.25472453, 0.28142574, 0.3307576, 0.20607074, 0.24076276, 0.26041383, 0.27198625, 0.23500927, 0.33024368, 0.25960392, 0.26091838, 0.21882918, 0.30973336, 0.27135855, 0.12287654, 0.22931494, 0.25133705, 0.27786666, 0.24063006, 0.20472415, 0.36529648, 0.24620822, 0.26373994, 0.30784434, 0.26550108, 0.27371064, 0.27314448, 0.3720538, 0.32425064, 0.26786023, 0.23384356, 0.18325712, 0.26577473, 0.17991158, 0.23956369, 0.26402515, 0.20423153, 0.36961198, 0.30940163, 0.3317585, 0.28943783, 0.2599507, 0.31619623, 0.25193134, 0.1697511, 0.3027364, 0.18833132, 0.24125126, 0.20659025, 0.40868464, 0.17025441, 0.28719756, 0.37987617, 0.3796963, 0.38530147, 0.26678404, 0.28693682, 0.3183868, 0.28780645, 0.26614097, 0.30759895, 0.29269794, 0.2729603, 0.31797504, 0.28603223, 0.29343504, 0.26191577, 0.29354203, 0.21542546, 0.2304346, 0.32899553, 0.17215964, 0.3162356, 0.32704562, 0.27116784, 0.38322258, 0.3058054, 0.22200349, 0.24438998, 0.19414571, 0.1929717, 0.24037479, 0.23713529, 0.17747818, 0.25225052, 0.23133902, 0.30318496, 0.3476975, 0.316271, 0.19350821, 0.25264135, 0.36197773, 0.28844446, 0.39277655, 0.28131685, 0.2679192, 0.2362445, 0.2164495, 0.20094201, 0.3271551, 0.2937673, 0.30538124, 0.37162566, 0.24007577, 0.22578335, 0.19917548, 0.30988148, 0.31124914, 0.29629868, 0.17880276, 0.21129054, 0.16404681, 0.21719795, 0.32502812, 0.34943244, 0.29768676, 0.32407266, 0.30134976, 0.31738704, 0.2305353, 0.33185244, 0.24846184, 0.32707322, 0.33704, 0.22272451, 0.20012341, 0.32137585, 0.26981866, 0.33231628, 0.19620228, 0.33642358, 0.33370864, 0.32292435, 0.2718661, 0.30634996, 0.2823236, 0.24405925, 0.46233547, 0.25930625, 0.24021135, 0.23753016, 0.26079512, 0.35565382, 0.3005616, 0.2507124, 0.31040323, 0.16117565, 0.1738051, 0.42114055, 0.20570178, 0.19913125, 0.19451568, 0.2633124, 0.2853855, 0.36069262, 0.27417645, 0.108015604, 0.27301052, 0.24255294, 0.2504517, 0.30686808, 0.24479155, 0.2883742, 0.11151832, 0.21535271, 0.20137411, 0.25965807, 0.22543728, 0.2708768, 0.20780307, 0.31076548, 0.22715595, 0.19008076, 0.3119858, 0.23943323, 0.20282176, 0.17975353, 0.27056974, 0.35029703, 0.24380997, 0.24098787, 0.3722807, 0.33064187, 0.2345784, 0.21423733]]

